2 6 23 32 19 28 26 21 26 31 24 18 32 19 11 28 18 32 26 21 26 28 26 20 26 33 24 26 20 26 31 32 19 23 35 19 28 18 32 26 20 26 31 24 19 11 35 19 28 18 33 26 20 26 33 19 28 26 20 26 32 24 19 9 28 24 26 20 26 32 19 11 28 18 32 26 21 26 28 26 20 26 33 24 26 21 26 34 19 11 35 19 28 18 33 26 20 26 33 19 28 26 20 26 32 24 19 8 28 24 7 27 3 27 4 26
2 6 34 19 23 32 19 8 28 24 26 20 26 9 28 24 24 19 11 32 19 28 24 7 27 3 27 4 26
2 6 23 33 30 19 28 26 20 26 39 24 19 11 28 19 23 35 19 28 26 20 26 33 24 24 7 27 3 27 4 26
2 6 32 19 23 28 19 23 32 19 28 26 20 26 33 24 19 12 33 19 28 24 26 20 26 23 28 18 32 26 20 26 33 19 28 26 20 26 32 24 19 12 28 18 32 26 20 26 33 19 28 26 20 26 32 24 24 22 23 28 19 23 28 18 32 26 20 26 33 19 28 26 20 26 32 24 24 7 27 3 27 4 26
2 6 21 35 19 28 18 35 19 8 28 24 26 20 26 32 35 19 28 18 34 19 9 28 24 26 21 26 33 19 8 28 24 7 27 3 27 4 26
2 6 39 19 23 33 19 8 28 24 26 20 26 9 28 24 24 19 11 33 19 28 24 7 27 3 27 4 26
2 6 23 35 19 28 19 23 28 26 21 26 31 24 19 23 34 19 28 18 32 26 20 26 31 24 26 20 26 23 23 32 34 19 28 26 20 26 33 24 19 9 28 19 23 34 19 28 26 20 26 31 24 24 26 20 26 23 36 30 19 28 18 32 26 20 26 35 24 19 15 28 18 32 26 21 26 32 19 28 26 20 26 34 24 24 19 15 28 18 32 26 21 26 32 19 28 26 20 26 34 24 24 22 15 28 18 32 26 21 26 32 19 28 26 20 26 34 24 7 27 3 27 4 26
2 6 31 30 19 28 19 23 34 19 28 26 20 26 31 24 19 9 34 19 28 18 32 26 20 26 32 19 28 26 20 26 31 24 26 20 26 35 19 8 34 19 28 18 32 26 20 26 32 19 28 26 20 26 31 24 7 27 3 27 4 26
2 6 23 15 28 24 19 23 31 32 19 28 18 32 26 21 26 36 24 26 20 26 15 33 24 24 19 9 15 33 24 19 15 28 24 26 20 26 32 19 28 18 33 26 21 26 33 19 28 26 20 26 32 24 22 23 32 19 15 28 24 24 7 27 3 27 4 26
2 6 23 32 34 19 8 32 19 28 24 26 20 26 31 36 19 9 32 19 28 24 24 19 11 33 19 28 24 7 27 3 27 4 26
2 6 23 15 31 26 21 26 34 19 28 18 32 24 19 23 23 33 30 19 28 26 21 26 39 24 19 9 35 19 28 18 32 26 21 26 33 19 28 26 20 26 34 24 26 20 26 35 24 26 20 26 31 36 24 22 15 31 26 21 26 34 19 28 18 32 24 7 27 3 27 4 26
2 6 23 33 19 28 19 23 32 19 28 26 20 26 31 24 19 23 33 19 28 18 32 26 21 26 28 26 20 26 35 24 19 12 21 28 24 22 32 26 20 26 28 19 23 23 36 19 28 26 21 26 31 24 19 15 33 19 28 18 32 26 20 26 33 19 28 26 20 26 35 24 26 20 26 23 38 19 28 26 21 26 34 24 19 9 28 18 32 26 21 26 28 26 20 26 33 24 24 19 15 33 19 28 18 32 26 20 26 33 19 28 26 20 26 35 24 19 12 21 28 24 26 20 26 15 33 19 28 18 32 26 20 26 33 19 28 26 20 26 35 24 24 22 23 28 19 15 33 19 28 18 32 26 20 26 33 19 28 26 20 26 35 24 19 12 21 28 24 24 7 27 3 27 4 26
2 6 23 36 19 28 26 21 26 31 24 19 11 33 19 28 18 32 26 21 26 28 26 20 26 32 24 7 27 3 27 4 26
2 6 31 31 32 19 9 34 19 28 26 20 26 31 24 7 27 3 27 4 26
2 6 33 19 28 22 15 28 18 32 26 20 26 34 24 7 27 3 27 4 26
2 6 33 19 12 33 19 28 24 26 20 26 33 7 27 3 27 4 26
2 6 36 19 28 18 32 19 12 34 19 28 24 18 32 26 20 26 34 19 28 18 32 19 12 34 19 28 24 26 20 26 38 19 11 34 19 28 24 19 8 34 19 28 24 26 20 26 38 19 11 34 19 28 24 19 9 34 19 28 24 26 20 26 32 19 12 32 19 28 24 18 32 26 20 26 34 19 12 32 19 28 24 7 27 3 27 4 26
2 6 23 36 19 28 26 20 26 31 24 22 23 32 19 15 33 19 28 18 32 26 20 26 28 26 20 26 34 24 24 7 27 3 27 4 26
2 6 37 19 9 37 19 28 26 20 26 35 24 7 27 3 27 4 26
2 6 35 19 23 31 38 19 28 18 33 26 21 26 32 33 19 28 18 32 26 20 26 34 36 19 28 26 21 26 31 35 24 22 15 32 19 28 18 32 26 21 26 32 19 28 26 20 26 35 24 7 27 3 27 4 26
2 6 33 19 23 38 19 28 18 34 26 20 26 32 34 19 28 18 33 26 20 26 34 31 19 28 18 32 26 20 26 33 30 19 28 26 20 26 31 35 24 22 23 34 19 28 18 34 26 20 26 31 32 19 28 18 33 26 20 26 32 31 19 28 18 32 26 20 26 31 38 19 28 26 20 26 39 24 7 27 3 27 4 26
2 6 34 19 23 23 33 19 28 26 21 26 31 24 19 23 34 19 28 18 32 26 20 26 31 24 19 13 32 19 28 24 26 20 26 23 33 19 28 18 32 26 21 26 32 19 28 26 20 26 32 24 19 12 33 19 28 18 32 26 21 26 32 19 28 26 20 26 32 24 24 22 23 23 34 19 28 18 32 26 20 26 31 24 19 23 33 19 28 18 32 26 21 26 32 19 28 26 20 26 32 24 24 7 27 3 27 4 26
2 6 39 19 11 28 24 26 21 26 33 30 19 9 32 19 28 24 7 27 3 27 4 26
2 6 23 32 19 28 19 23 34 19 23 31 35 19 28 18 32 26 21 26 8 28 24 26 20 26 31 24 19 11 35 19 28 18 33 26 20 26 28 26 20 26 9 28 24 26 20 26 33 24 26 21 26 39 19 12 28 24 19 8 36 19 28 26 20 26 32 24 24 26 20 26 33 19 9 36 19 28 26 20 26 32 24 24 22 28 7 27 3 27 4 26
2 6 36 19 23 12 33 19 28 24 26 20 26 32 24 19 12 33 19 28 24 7 27 3 27 4 26
2 6 23 35 19 28 18 34 26 21 26 32 30 19 28 18 33 26 20 26 34 38 19 28 18 32 26 21 26 34 38 19 28 26 20 26 33 39 24 22 23 28 18 34 26 21 26 34 19 28 18 33 26 20 26 31 30 19 28 18 32 26 21 26 31 32 19 28 26 20 26 39 24 7 27 3 27 4 26
2 6 32 31 19 12 28 24 26 20 26 32 31 26 20 26 33 22 28 7 27 3 27 4 26
2 6 23 32 38 38 19 28 18 32 26 20 26 33 36 24 19 11 34 19 28 18 32 26 20 26 38 24 7 27 3 27 4 26
2 6 23 31 32 35 19 28 18 34 26 21 26 31 35 30 19 28 18 33 26 20 26 31 37 30 19 28 18 32 26 21 26 38 30 19 28 26 20 26 35 37 24 22 23 32 35 19 28 18 34 26 21 26 33 30 19 28 18 33 26 20 26 33 39 19 28 18 32 26 21 26 31 38 19 28 26 20 26 39 24 7 27 3 27 4 26
2 6 31 38 19 9 33 19 28 26 20 26 32 24 7 27 3 27 4 26
2 6 34 19 28 19 23 33 19 28 26 20 26 32 19 23 33 19 28 26 20 26 31 24 19 12 33 19 28 26 20 26 31 24 19 12 12 33 19 28 26 20 26 31 24 24 24 22 23 23 33 19 28 26 20 26 31 24 19 12 33 19 28 26 20 26 31 24 24 7 27 3 27 4 26
2 6 23 38 19 28 26 21 26 34 24 19 9 34 19 28 19 23 28 26 21 26 31 24 24 7 27 3 27 4 26
2 6 34 30 19 28 19 9 12 34 19 28 18 32 26 20 26 31 24 24 22 23 34 19 28 18 32 26 20 26 31 24 7 27 3 27 4 26
2 6 32 38 19 12 28 24 26 20 26 33 33 7 27 3 27 4 26
2 6 32 19 23 23 31 30 19 28 26 21 26 33 24 18 32 26 20 26 35 24 19 11 31 30 19 28 18 32 26 21 26 36 19 28 26 20 26 34 24 7 27 3 27 4 26
2 6 32 19 28 19 23 32 19 12 35 19 28 24 26 20 26 31 24 7 27 3 27 4 26
2 6 31 32 19 28 19 9 33 19 28 18 32 26 20 26 28 24 26 20 26 32 19 9 33 19 28 18 32 26 20 26 28 24 26 20 26 33 26 20 26 36 22 15 31 26 21 26 39 19 28 18 32 24 7 27 3 27 4 26
2 6 33 19 23 33 19 23 28 26 20 26 31 24 19 12 34 19 28 26 20 26 34 24 26 20 26 23 39 19 28 18 32 26 20 26 31 24 19 13 33 19 28 24 24 22 23 23 28 26 20 26 31 24 19 23 39 19 28 18 32 26 20 26 31 24 24 7 27 3 27 4 26
2 6 23 32 34 30 19 28 26 20 26 31 34 34 19 23 35 19 28 18 32 26 20 26 31 24 18 32 24 19 11 31 30 19 28 18 33 26 20 26 36 19 28 26 20 26 34 24 7 27 3 27 4 26
2 6 12 33 19 28 24 26 20 26 31 7 27 3 27 4 26
2 6 34 19 23 32 19 23 33 19 28 26 20 26 34 24 19 12 33 19 28 26 20 26 34 24 26 20 26 33 19 23 34 19 28 18 32 26 20 26 31 24 19 13 32 19 28 24 24 22 23 23 33 19 28 26 20 26 34 24 19 23 34 19 28 18 32 26 20 26 31 24 24 7 27 3 27 4 26
2 6 32 19 23 28 18 32 26 20 26 35 24 22 23 28 18 32 26 20 26 31 24 7 27 3 27 4 26
2 6 23 31 36 26 21 26 33 32 19 28 24 19 8 34 19 28 18 32 26 21 26 34 19 28 26 20 26 31 24 7 27 3 27 4 26
2 6 34 19 23 23 32 19 28 26 21 26 31 24 19 12 31 26 21 26 32 19 28 24 26 20 26 32 19 23 28 18 32 26 20 26 31 24 19 13 28 24 24 22 23 23 32 19 28 26 21 26 31 24 19 23 28 18 32 26 20 26 31 24 24 7 27 3 27 4 26
2 6 21 33 32 19 8 28 26 21 26 35 24 18 33 19 9 28 26 21 26 35 24 7 27 3 27 4 26
2 6 23 21 31 32 19 28 18 32 26 20 26 33 19 28 26 20 26 32 24 22 23 32 19 15 33 19 28 18 32 26 20 26 33 19 28 26 20 26 32 24 24 7 27 3 27 4 26
2 6 31 36 19 28 19 12 34 19 28 24 26 20 26 38 19 28 26 20 26 32 19 11 28 24 19 8 34 19 28 24 26 20 26 38 19 11 28 24 19 9 34 19 28 24 26 20 26 33 26 20 26 31 32 22 15 31 26 21 26 39 19 28 18 32 24 7 27 3 27 4 26
2 6 32 19 23 28 19 12 21 28 24 26 20 26 23 28 18 32 26 20 26 31 24 19 13 28 24 24 22 23 28 19 23 28 18 32 26 20 26 31 24 24 7 27 3 27 4 26
2 6 23 33 26 21 26 33 19 28 18 32 24 19 8 28 18 33 26 21 26 33 19 28 26 20 26 35 24 7 27 3 27 4 26
2 6 21 33 38 34 19 28 18 32 19 8 38 19 28 18 32 26 20 26 36 24 26 20 26 32 34 19 9 38 19 28 18 32 26 20 26 36 24 26 20 26 32 34 7 27 3 27 4 26
