6 23 21 31 32 19 28 18
6 23 21 31 32 19 28 26 20 26 31 24 19 8 28 24 24
6 23 21 31 30 19 28 26 20 26 31 24 19 8 35 19 28 18 32 26 20 26 33 19 28
6 23 21 31 32 19 28 18 33 19 23 28 18 32 26 20 26 31 24 19 23 28 18 32 26 20 26 31 24 19 23 28 18 32 26 20 26 31 24 19 23 28 18 32 26 20 26 31 24 19 23 28 18 32 26 20 26 31 24 19
6 21 21 6 21 31 30 19 28 18 34 19
6 23 21 31 32 19 28 26 20 26 31 24 19 8 28 24 24 19 8 28 24 24 24
6 23 21 31 32 19 28 18
6 23 21 31 30 19 28 26 20 26 31 24 19 8 34 19 28 18 32 26 20 26 32 24 24 26 20 26 31 30 19 28 19 9 34 19 28 18 32 26 20 26 32 19 28 26 20 26 31 24 24 26 20 26 31 30 19 28 19 8 34 19 28 18
6 23 21 31 32 19 28 18 32 26 20 26 31 24 19 23
6 23 21 31 32 19 28 26 20 26 31 24 19 8 32 19 28 24 24 19
6 23 21 31 32 19 28 26 20 26 31 24 19
6 23 21 31 32 19 28 18 33 19 23 28 18 32 26 20 26 31 24 19 23 28 18 32 26 20 26 31 24 19 23 28 18 32 26 20 26 31 24 19 23 28 18 32 26 20 26 31 24 19 23 28 18 32 26 21 26 31 24 19 23 28 18 32
6 23 21 31 32 19 28 26 20 26 31 24 19 11 33 24 19 11 33 24 19 11 33 24 19 11 33 24 19 11 33 24 19 11 33 24 19 11 33 24 19 11 33 24 19 11 33 24 19 11 33 24 19 11 33 24 19 11 33 24 19 11 33 24
6 21 31 19 28 19 23 21 31 30 19 28 26 20 26 31 24 19 8 34 19 28 26 20 26 31 24 24
6 23 21 31 32 19 28 18 32 26 20 26 31 24 19 8 12 28 24 24 24 24 24 24 7 26 20 26 6 21 33 19 6 33 19 28 18 32 19 8 12 28
6 21 33 19 28 19 6 33 19 28 19 12 33 24 26 20 26 33 19 28 19 12 33 24 26 20 26 33 19 28 19 12 33 24 26 20 26 33 19 12 33 24 26 20 26 33 19 28 19 12 33 24 26 20 26 33 19 12 33 24 24 26 20 26
6 23 21 31 32 19 28 18 32 19 23
6 23 21 31 32 19 28 18 32 26 20 26 31 24 19 8 12 33
21 6 21 31 30 19 28 19 23 21 31 30 19 28 26 20 26 31 24 19
6 23 21 31 32 19 28 18 33 19 23
6 23 21 31 32 19 28 18 33 19 23 31 32 19 28 18 33 19 23 33 19 28 18 33 19 23 33 19 28 18 33 26 20 26 31 24 19 23 33 19 28 18 33 19 13
6 23 21 31 32 19 28 18 33 19 13 32 19 28 24 26 20 26 31 32 19 28 18 32 19 12 33 24 26 20 26 31 32 19 28 18 32 19 12 33 24 26 20 26 31 32 19 28 18 32 19 13 32 19 28 24 26 20 26 31 32 19 28 19
21 6 21 23 21 31 30 19 28 26 20 26 31 24 19 8 32 19 28 24 24 19 9 32 19 28 24 24 7 26 20 26 6 21 31 30 19 28 19
6 23 21 31 30 19 28 18 33 19 23 31 30 19 28 18
6 23 21 31 32 19 28 26 20 26 31 24 19 6 33 19 28 19 23 28 26 20 26 31 24 19
6 23 21 31 32 19 28 18 33 19 23 21 28 19 23 31
6 21 6 21 31 30 19 28 19 6
6 23 21 31 32 19 28 18 32 26 20 26 31 24 19 11 32 24 19 11
6 23 21 31 32 19 28 18 33 19 23 21 31 30 19 28 26 20 26 31 24 19 23 21 31 30 19 28 18 33 19 23 21 31 32 19 28 26 20 26 31 24 19 23 21 31 32 19 28 18
6 21 31 38 19 28 19 23 21 31 38 19 28 26 20 26 31 24 19 8 33 19 28 26 20 26 32 24 24 7 7
6 23 21 31 32 19 28 26 20 26 31 24 19 8 12 33 19 28 26 20 26 31 24 24 24 24 24 24 24 24 24 7 26 20 26 6 23 21 31 32 19 28 26 20 26 31 24 19 8 12 33 19 28 26 20 26 31 24 24 24 24
6 23 21 31 32 19 28 26 20 26 31 24 19 8 34 19 28 26 20 26 16 22 34 24 19 9 34 19 28 26 20 26 16 22 34 24 7 26 20 26 6 21 31 32 19 28 19 23 21 32 19 28 26 20 26 31 24 19 8 12 34 19 28 26
6 23 21 31 30 19 28 26 20 26 31 24 19 6 21 31 30 19 28 19
6 21 6 21 31 30 19 28 19 6 32 19 28 19 12 28 24 26 20 26 31 30 19 28 19 12 28 24 26 20 26 33 19 28 19 12 28 24 26 20 26 33 19 12 28 24 26 20 26 33 19 12 28 24 26 20 26 33 19 12 28 24
6 23 21 31 30 19 28 26 20 26 31 24 19 11 33 24 19 11 33 24 19 11 33 24 19 11 33 24 19 11 33 24 19 11 33 24 19 11 33 24 19 11 33 24 19 11 33 24 19 11 33 24 19 11 33 24 19 11 33 24 19 11 33 24
6 23 21 31 32 19 28 26 20 26 31 24 19 6
6 23 21 31 32 19 28 26 20 26 31 24 19 8 33 19 28 18 32 26 20 26 28 24 26 20 26 31 32 19 28 19 9 33 19 28 18 32 26 20 26 28 26 20 26 31 24 26 20 26 31 32 19 28 19 8 33 19 28 18 32 26 20 26
6 23 21 31 32 19 28 18 33 19 13 33 19 28 24 26 20 26 31 32 19 28 18 32 19 12 34 19 28 18 32 26 20 26 31 24 26 20 26 31 32 19 28 18 32 19 13 33 19 28 24 26 20 26 31 32 19 28 19 12 34 19 28 18
6 23 21 31 30 19 28 18
6 21 6 21 31 7 19 6 21 31 7 26 20 26 6 21 31
6 23 21 31 32 19 28 18 33 19 13 32 19 28 24 26 20 26 31 32 19 28 18 32 19 12 33 24 26 20 26 31 32 19 28 18 32 19 12 33 24 26 20 26 31 32 19 28 18 32 19 12 33 24 26 20 26 31 32 19 28 18 32 19
6 23 21 31 32 19 28 18 32 26 20 26 31 24 19
6 23 21 31 32 19 28 26 20 26 31 24 19 8 34 19 28 18 32 26 20 26 34 24 24 19 9 34 19 28 18 32 26 20 26 34 19 28 26 20 26 31 24 26 20 26 31 36 19 28 19 8 34 19 28 18 32 26 20 26 34 19 28 26
6 23 21 31 32 19 28 18 33 19 13 28 24 26 20 26 31 32 19 28 18 32 19 12 31 24 26 20 26 31 32 19 28 18 32 19 12 31 24 26 20 26 31 32 19 28 18 32 19 12 31 24 26 20 26 31 32 19 28 18 32 19 12 31
21 6 21 23 21 31 30 19 28 26 20 26 31 24 19 8 28 24 24 19 8 28 26 20 26 16 22 28 7 26 20 26 6 21 31 30 19 8 28 24 19 9 28 24 26 20 26 31 34 19 9 28 24 19 9 28 24 7 7 7 7 7 7
6 23 21 31 32 19 28 18 32 19 23
6 23 21 31 32 19 28 26 20 26 31 24 19 23 21 31
6 23 21 31 32 19 28 18
6 23 21 31 32 19 28 18 33 19 23
6 21 31 30 19 28 19 23 21 31 30 19 28 26 20 26 31 24 19 8 32 19 28 18 32 26 20 26
