-6.198562145e+00 -3.064338923e+00 -6.879098415e+00 -2.993768692e+00 -2.495028973e+00 -6.869279861e+00 -3.568806946e-01 1.660084128e+00 -1.403550029e+00 -1.193150043e+00 -4.121947765e+00 -1.712955475e+00 -2.330869913e+00 -2.869230986e+00 -2.578552961e+00 -1.115860701e+00 -3.997218370e+00 -4.072906017e+00 2.666558981e+00 2.996086597e+00 -1.280499220e+00 -1.141931057e+00 4.281849861e+00 -7.785390019e-01 2.218632460e+00 -3.310309649e+00 2.773521185e+00 -3.587342978e+00 -2.156175613e+00 -6.321531773e+00 6.439179778e-01 7.020218968e-01 8.006650209e-02 -6.095844507e-01 2.576123178e-01 -1.115473151e+00 4.298299551e-01 -7.191522121e-01 1.135551855e-01 -1.308056355e+00
-6.927568436e+00 -1.423809767e+00 -7.052900314e+00 -7.068378925e+00 -3.217442036e+00 -7.222732544e+00 -1.438770533e+00 2.283226252e+00 -1.923197150e+00 -1.497148395e+00 -3.884901524e+00 -1.052852392e+00 -1.964325547e+00 -3.640654802e+00 -2.721483946e+00 -2.295123339e+00 -3.910905361e+00 -4.556736946e+00 2.444804192e+00 3.585435867e+00 -1.822778583e+00 -1.854781389e+00 2.965033770e+00 -1.252805352e+00 4.118403912e+00 -3.652209282e+00 4.269520760e+00 -7.548167706e+00 -1.604954004e+00 -7.030429840e+00 6.317434907e-01 3.306979835e-01 6.648629904e-01 -1.242277980e+00 8.189988136e-01 -1.544334531e+00 5.052338839e-01 -6.290889978e-01 5.707190037e-01 -1.445133805e+00
-5.585343838e+00 -2.551895857e+00 -6.324404716e+00 -6.175128222e-01 -2.809056997e+00 -6.146624088e+00 -3.289936855e-02 1.038556218e+00 -1.167673945e+00 -1.125717998e+00 -3.755738497e+00 -1.628109336e+00 -1.954444289e+00 -2.235290766e+00 -2.140035629e+00 -6.325550079e-01 -3.217404604e+00 -3.522986889e+00 2.668059349e+00 2.572985888e+00 -1.054181576e+00 -1.149201751e+00 4.334534168e+00 -2.415895015e-01 2.013958454e+00 -2.943236113e+00 1.580517054e+00 -1.998432875e+00 -1.961741328e+00 -5.502796173e+00 1.091531515e+00 2.179782540e-01 1.122822389e-01 -5.395548940e-01 -8.929830976e-03 -7.497543097e-01 1.537455618e-01 -8.316169381e-01 -1.329331696e-01 -1.579142690e+00
-6.963910580e+00 -3.496344328e+00 -7.332804203e+00 -5.557647705e+00 -4.097601414e+00 -7.589912891e+00 -1.608436227e+00 3.282713652e+00 -2.096905947e+00 -1.458062172e+00 -4.603114128e+00 -1.411234617e+00 -2.265355110e+00 -3.918454170e+00 -3.032419920e+00 -2.418961763e+00 -4.025734425e+00 -5.441973686e+00 2.741796255e+00 3.913956404e+00 -1.131590605e+00 -1.247413397e+00 4.427477360e+00 -1.970639825e+00 2.909199715e+00 -3.602792501e+00 4.593565941e+00 -3.344045162e+00 -2.955838919e+00 -7.023593426e+00 8.818737268e-01 4.377400875e-01 2.411980927e-01 -1.451742411e+00 -2.313421369e-01 -1.323637009e+00 1.457147747e-01 -9.500887394e-01 3.325700760e-01 -2.094262362e+00
-5.323656082e+00 -4.214490950e-01 -5.972631931e+00 -2.237670898e+00 -2.000097275e+00 -5.984570503e+00 -3.966460824e-01 9.043593407e-01 -9.822947383e-01 -5.069658756e-01 -3.754859209e+00 -1.406679273e+00 -2.107251167e+00 -2.187549829e+00 -1.642702818e+00 -1.250859022e+00 -3.409984589e+00 -3.864711285e+00 1.563100100e+00 2.350085258e+00 -1.167275548e+00 -1.486263156e+00 4.290275574e+00 -8.815122247e-01 2.056670904e+00 -2.778452873e+00 1.966597795e+00 -5.912688375e-01 -2.269599915e+00 -5.559293747e+00 9.782930017e-01 3.192484677e-01 1.390978992e-01 -9.589995146e-01 1.598535627e-01 -1.207975864e+00 4.551664889e-01 -1.039882898e+00 2.485940456e-01 -1.668796778e+00
-6.501360893e+00 -2.529164553e+00 -6.781290531e+00 -5.959139347e+00 -2.931594133e+00 -6.933773518e+00 -1.760738373e+00 3.626095295e+00 -1.825927973e+00 -1.523923159e+00 -4.061118603e+00 -2.087782860e+00 -1.921440005e+00 -3.836946964e+00 -2.846029282e+00 -2.725198030e+00 -3.708451271e+00 -5.156456470e+00 3.088984251e+00 4.270375252e+00 -1.557891607e+00 -1.455605745e+00 4.510052681e+00 -1.957420826e+00 4.418608665e+00 -3.128830910e+00 5.263254166e+00 -4.429877758e+00 -2.561271906e+00 -6.844730377e+00 4.513273835e-01 5.473206285e-03 2.567253634e-02 -1.780437827e+00 -4.281204939e-01 -1.873359203e+00 -9.891847521e-02 -1.440075636e+00 5.009463802e-02 -2.015224457e+00
-7.108467102e+00 -4.409379482e+00 -7.764824390e+00 -6.267319202e+00 -4.468040943e+00 -7.794689655e+00 -2.331980944e+00 4.143957138e+00 -2.545516968e+00 -2.356335163e+00 -5.101363182e+00 -2.648590326e+00 -3.134469032e+00 -4.048357964e+00 -3.403267145e+00 -2.561945438e+00 -4.996861458e+00 -6.402867317e+00 2.564145088e+00 4.924844742e+00 -2.031908274e+00 -1.861127615e+00 4.570959568e+00 -2.131721735e+00 2.798676252e+00 -3.601640463e+00 3.931663752e+00 -4.100155830e+00 -2.905895710e+00 -7.298379898e+00 1.744703650e+00 1.002006531e+00 1.078627944e+00 -8.205482364e-01 6.920791864e-01 -7.097768188e-01 9.712565541e-01 -4.941746593e-01 1.123633146e+00 -1.660998464e+00
-1.367787957e+00 2.378732681e+00 -2.000086784e+00 5.784266472e+00 1.366107941e+00 -2.105901003e+00 1.765395850e-01 1.473131537e+00 3.961977363e-01 1.082471013e+00 -8.167189956e-01 -1.317587774e-02 9.938432574e-01 -7.071687579e-01 -1.417850554e-01 2.593816519e-01 4.350230694e-01 -7.993285656e-01 3.997753263e-01 -1.168599963e+00 2.738064528e-01 -5.932765007e-01 1.557567358e+00 3.945919871e-01 -1.719849557e-02 -2.923514545e-01 -1.172811627e+00 2.286584854e+00 -2.551744938e+00 -1.307801127e+00 2.727012038e-01 1.537450105e-01 -3.252529204e-01 -1.707025766e-01 -1.433206916e+00 -6.020756364e-01 -4.174640477e-01 -1.149965405e+00 -2.738654017e-01 -1.009801507e+00
-7.515556335e+00 -2.989434481e+00 -7.766107082e+00 -7.637406349e+00 -4.271956444e+00 -7.870142937e+00 -1.506133199e+00 2.823954344e+00 -2.186086416e+00 -1.865968823e+00 -4.183280468e+00 -1.356375098e+00 -2.297506094e+00 -3.993629694e+00 -2.903105974e+00 -2.431768894e+00 -4.305532455e+00 -4.937639713e+00 2.630538702e+00 3.835407734e+00 -1.875675917e+00 -1.847255468e+00 2.999502659e+00 -1.341203809e+00 4.249247551e+00 -4.073026180e+00 4.605073452e+00 -7.676348686e+00 -1.493851185e+00 -7.746851921e+00 6.752267480e-01 4.025123715e-01 8.277808428e-01 -1.138060808e+00 8.034404516e-01 -1.353968143e+00 4.908532500e-01 -6.998647451e-01 5.481196642e-01 -1.557200313e+00
-5.088736057e+00 -2.653174102e-01 -5.506054878e+00 -2.451989174e+00 -2.190141439e+00 -5.682501793e+00 -1.455216050e+00 4.069587708e+00 -1.074842811e+00 -3.935553133e-01 -3.183215141e+00 -1.794318199e+00 -7.138167024e-01 -3.074067116e+00 -2.164171934e+00 -2.246478319e+00 -2.504689932e+00 -4.485681057e+00 2.772885323e+00 3.135664225e+00 -9.211146832e-01 -1.226223946e+00 4.458555222e+00 -1.865189552e+00 2.541813850e+00 -1.971917987e+00 4.054612637e+00 -7.710583210e-01 -3.326663017e+00 -5.314244747e+00 2.527413964e-01 7.062919438e-02 -5.942649245e-01 -2.122604847e+00 -1.261997819e+00 -1.977355003e+00 -6.762172580e-01 -1.848250151e+00 -3.551564813e-01 -2.302843094e+00
-5.250528812e+00 -1.787108898e+00 -6.003201008e+00 -1.307909493e-03 -1.657176852e+00 -5.834258556e+00 -2.647356987e-01 5.036140680e-01 -9.442043304e-01 -9.416347742e-01 -3.680238724e+00 -1.417946815e+00 -1.730912328e+00 -2.321423531e+00 -1.932061911e+00 -6.540216208e-01 -2.967180014e+00 -3.334025860e+00 1.436994553e+00 1.363479137e+00 -1.056911349e+00 -9.264668822e-01 3.976736307e+00 -1.872409582e-01 1.283633709e+00 -2.954919577e+00 1.276360869e+00 -7.878875732e-01 -1.755952239e+00 -5.196672916e+00 9.986584187e-01 7.371714711e-01 5.397583842e-01 -1.262792200e-01 3.325473368e-01 -5.543949604e-01 2.849999964e-01 -7.517384291e-01 1.303318888e-01 -1.222942829e+00
-6.710484028e+00 -2.949025869e+00 -7.144446373e+00 -5.199580193e+00 -4.403268814e+00 -7.221157551e+00 -2.113825560e+00 3.831581593e+00 -2.242180109e+00 -2.076455593e+00 -4.695192337e+00 -1.681965947e+00 -3.029824257e+00 -4.125824928e+00 -3.284112215e+00 -2.831493855e+00 -4.736419678e+00 -5.977049828e+00 2.327238560e+00 4.490582943e+00 -1.710650206e+00 -1.789460421e+00 4.736452579e+00 -2.172438145e+00 4.079858303e+00 -3.247972250e+00 4.814746380e+00 -2.944577217e+00 -3.240352392e+00 -6.840561390e+00 1.542719483e+00 3.573161960e-01 3.260708749e-01 -1.438897967e+00 1.332464218e-01 -8.945432901e-01 2.955483198e-01 -7.464776635e-01 6.203773022e-01 -1.904259801e+00
-7.863967896e+00 -4.668910503e+00 -8.044170380e+00 -7.836818695e+00 -5.005044460e+00 -8.218930244e+00 -1.675763845e+00 3.154582024e+00 -2.473954916e+00 -2.382891893e+00 -4.461771965e+00 -1.688266516e+00 -2.510729074e+00 -4.176410198e+00 -3.135544777e+00 -2.642898083e+00 -4.554786205e+00 -5.283962727e+00 2.591220617e+00 4.095953465e+00 -1.845390916e+00 -1.927243948e+00 3.249371767e+00 -1.539084911e+00 4.433250427e+00 -4.345243454e+00 4.795295238e+00 -8.260549545e+00 -1.507047176e+00 -8.054574013e+00 9.726804495e-01 7.158873677e-01 9.251015782e-01 -7.327750325e-01 1.004486799e+00 -9.749290347e-01 6.596400738e-01 -4.032837451e-01 8.254871368e-01 -1.298482656e+00
-5.805877209e+00 -3.484864712e+00 -6.604360580e+00 -3.273801804e-01 -2.735290766e+00 -6.384823322e+00 -4.750971794e-01 1.794538379e+00 -1.573381901e+00 -1.581075311e+00 -4.158326626e+00 -2.098597050e+00 -2.234795094e+00 -2.874417305e+00 -2.369772196e+00 -1.062481165e+00 -3.803167582e+00 -4.050353050e+00 2.287496090e+00 2.941548824e+00 -1.196332455e+00 -1.309237599e+00 4.348659992e+00 -8.455840349e-01 2.054708481e+00 -3.012380600e+00 1.908737540e+00 -2.349297285e+00 -2.157295227e+00 -5.697950840e+00 1.301110625e+00 7.566532493e-01 4.865294695e-01 -2.576427162e-01 4.392533302e-01 -2.620398700e-01 5.131809115e-01 -4.682161212e-01 3.320761621e-01 -1.352416039e+00
-6.406677246e+00 -4.132105350e+00 -7.137996674e+00 -2.739750147e+00 -3.485448837e+00 -7.229937077e+00 -5.068940520e-01 1.811870217e+00 -1.571163654e+00 -1.359154940e+00 -4.048621655e+00 -1.604924560e+00 -1.914062262e+00 -3.108330965e+00 -2.281538963e+00 -1.384276032e+00 -3.399180412e+00 -4.274087429e+00 2.028362989e+00 2.834649086e+00 -1.171089053e+00 -1.042360544e+00 4.561633587e+00 -9.065511823e-01 2.876314878e+00 -3.568405867e+00 3.527407169e+00 -2.206513882e+00 -2.227713108e+00 -6.636331081e+00 8.277655244e-01 5.859385133e-01 1.086516529e-01 -7.847678661e-01 -2.962793708e-01 -1.143802524e+00 -3.785747662e-02 -9.559718370e-01 1.675881743e-01 -1.651048064e+00
-7.880954266e+00 -4.593402863e+00 -8.028685570e+00 -7.767543316e+00 -5.082401752e+00 -8.173323631e+00 -1.829713106e+00 3.066287279e+00 -2.610643387e+00 -2.455921888e+00 -4.630471706e+00 -1.817733526e+00 -2.798160315e+00 -4.270710468e+00 -3.254191875e+00 -2.757025242e+00 -4.718487263e+00 -5.510385036e+00 2.604324341e+00 4.165891171e+00 -1.854651570e+00 -1.856948853e+00 3.391135693e+00 -1.679488063e+00 4.474487782e+00 -4.376211166e+00 4.822814465e+00 -8.016139030e+00 -1.782743573e+00 -8.008656502e+00 1.374453425e+00 8.446378112e-01 9.884626269e-01 -6.328856349e-01 1.140461922e+00 -6.535654068e-01 7.492243052e-01 -2.452446520e-01 8.787772059e-01 -1.148077011e+00
-5.454319000e+00 -1.900303245e+00 -6.194394588e+00 -3.575650156e-01 -2.415719748e+00 -6.094888687e+00 8.774586022e-02 7.138875127e-01 -9.430354834e-01 -6.995128989e-01 -3.750360012e+00 -1.225447178e+00 -1.582953095e+00 -2.228668690e+00 -1.889008284e+00 -6.170929670e-01 -3.030666113e+00 -3.407048941e+00 2.035503387e+00 1.664751053e+00 -9.018397331e-01 -7.220395207e-01 4.111323357e+00 6.394468248e-02 1.514854550e+00 -3.032609463e+00 1.110778451e+00 -1.142744899e+00 -2.184289217e+00 -5.470250607e+00 9.546776414e-01 5.202307105e-01 3.342182040e-01 -3.768215775e-01 1.076110303e-01 -5.337790251e-01 2.457160205e-01 -7.900537252e-01 -1.000440493e-01 -1.519340873e+00
-4.176299095e+00 1.318641752e-01 -4.859472752e+00 1.362291574e+00 -9.468442202e-01 -4.812070370e+00 -2.639210224e-01 9.955615997e-01 -9.025461078e-01 -3.570866883e-01 -3.092268705e+00 -7.810393572e-01 -1.282223463e+00 -2.300622702e+00 -1.199368119e+00 -7.916567922e-01 -2.378621817e+00 -3.312393665e+00 1.098207116e+00 8.365902305e-01 -8.852939606e-01 -1.006915450e+00 3.456259489e+00 -4.040212929e-01 9.247900844e-01 -2.215162754e+00 9.990019798e-01 1.367536664e+00 -2.599482536e+00 -4.232013702e+00 8.565613031e-01 8.233481646e-01 2.971834242e-01 -2.205325067e-01 -1.046108231e-01 -6.394360662e-01 4.286087155e-01 -8.484912515e-01 -8.611799777e-02 -1.336094379e+00
-7.717288017e+00 -4.139416218e+00 -7.854805946e+00 -7.622305870e+00 -5.684862614e+00 -7.942140102e+00 -2.236726046e+00 3.293499231e+00 -2.713190079e+00 -2.799297810e+00 -4.450298786e+00 -8.138741851e-01 -2.727357388e+00 -4.640417576e+00 -3.542289495e+00 -2.660461903e+00 -4.511821270e+00 -5.249269009e+00 2.034123659e+00 3.769413710e+00 -1.820313573e+00 -1.790750384e+00 2.784581661e+00 -1.632835269e+00 4.002424240e+00 -4.325770378e+00 4.935112953e+00 -8.051936150e+00 -1.326348782e+00 -7.712241650e+00 1.110889316e+00 6.028562188e-01 1.415092826e+00 -3.473354280e-01 1.106127143e+00 -5.635107756e-01 6.743108034e-01 -1.533010155e-01 8.187727928e-01 -1.249391794e+00
-6.876972198e+00 -5.184831023e-01 -7.044059753e+00 -6.881276608e+00 -3.250843287e+00 -7.231337070e+00 -6.381050944e-01 2.268797874e+00 -1.120074034e+00 -6.526407599e-01 -3.148212671e+00 -1.508088708e+00 -1.729637682e-01 -3.384124994e+00 -2.465483427e+00 -1.984713197e+00 -2.796246052e+00 -3.907706976e+00 2.701933384e+00 2.763155460e+00 -5.540091395e-01 -5.842221379e-01 2.875722408e+00 -1.025258780e+00 3.807754993e+00 -3.874390841e+00 4.489778519e+00 -6.100926876e+00 -1.758506894e+00 -7.193020344e+00 -3.534218967e-01 1.977903992e-01 -3.546611965e-01 -2.219584227e+00 -2.781610489e-01 -1.691211462e+00 -5.384484529e-01 -1.633473754e+00 -4.131371677e-01 -1.807666540e+00
