2 6 32 19 23 33 19 28 18 34 26 20 26 32 34 19 28 18 33 26 20 26 35 34 19 28 18 32 26 20 26 34 37 19 28 26 20 26 31 33 24 22 23 28 18 34 26 20 26 38 19 28 18 33 26 20 26 32 32 19 28 18 32 26 20 26 32 34 19 28 26 20 26 39 24 7 27 3 27 4 26 6 36 26 21 26 34 37 22 23 32 19 23 28 26 20 26 33 24 18 32 24 26 21 26 31 22 23 32 19 23 28 26 20 26 31 24 18 32 24 7 27
2 6 23 34 19 28 26 20 26 31 24 19 9 32 19 28 18 32 26 20 26 28 26 20 26 31 24 7 27 3 27 4 26 8 32 19 28 18 32 26 20 26 28 26 20 26 31 24 27
2 6 23 31 36 19 28 18 34 26 21 26 31 36 19 28 18 33 26 20 26 33 34 19 28 18 32 26 21 26 34 19 28 26 20 26 31 35 24 22 23 32 19 23 34 19 28 18 34 26 21 26 34 19 28 18 33 26 20 26 39 19 28 18 32 26 21 26 34 19 28 26 20 26 34 24 24 7 27 3 27 4 26 6 23 31 31 19 28 26 20 26 31 24 22 23 32 19 23 32 19 28 18 32 26 21 26 28 26 20 26 32 24 18 32 24 26 20 26 32 26 21 26 31 22 23 32 19 23 32 19 28 18 32 26 21 26 28 26 20 26 32 24 24 7 27
2 6 21 38 19 11 34 19 28 24 19 8 34 19 28 24 26 20 26 38 19 11 34 19 28 24 19 9 34 19 28 24 26 21 26 31 36 19 11 33 19 28 24 19 8 34 19 28 24 26 20 26 31 32 19 11 33 19 28 24 19 9 34 19 28 24 26 20 26 35 19 12 32 19 28 24 26 20 26 35 7 27 3 27 4 26 35 19 28 19 12 32 19 28 24 26 20 26 32 19 11 34 19 28 24 19 9 34 19 28 24 26 20 26 34 19 11 33 19 28 24 19 9 34 19 28 24 27
2 6 23 39 19 28 19 23 34 19 28 26 20 26 33 24 19 23 31 35 19 28 18 32 26 21 26 32 24 26 20 26 32 19 23 39 19 23 38 19 28 26 20 26 33 24 19 15 35 19 28 18 33 26 21 26 32 19 28 26 20 26 33 24 26 20 26 23 33 32 19 28 26 21 26 34 24 19 9 34 19 28 18 32 26 21 26 28 26 20 26 32 24 24 19 15 35 19 28 18 33 26 21 26 32 19 28 26 20 26 33 24 24 22 23 32 19 15 35 19 28 18 33 26 21 26 32 19 28 26 20 26 33 24 24 7 27 3 27 4 26 33 36 19 28 18 32 19 15 35 19 28 18 33 26 21 26 32 19 28 26 20 26 33 24 26 20 26 32 37 19 28 19 15 35 19 28 18 33 26 21 26 32 19 28 26 20 26 33 24 26 20 26 34 19 8 34 19 28 18 32 26 21 26 28 26 20 26 32 24 27
2 6 32 19 28 19 23 21 32 19 28 19 12 33 19 28 24 19 8 32 19 28 24 26 20 26 32 19 12 33 19 28 24 19 9 32 19 28 24 26 20 26 9 32 19 28 24 24 7 27 3 27 4 26 32 19 28 18 32 19 12 28 24 19 9 32 19 28 24 26 20 26 32 19 28 18 32 19 12 33 24 19 9 32 19 28 24 27
2 6 32 19 23 33 30 19 28 26 20 26 36 24 19 9 35 19 28 18 32 26 20 26 32 19 28 26 20 26 33 24 26 20 26 32 19 12 33 19 28 24 26 20 26 32 7 27 3 27 4 26 36 19 8 35 19 28 18 32 26 20 26 32 19 28 26 20 26 33 24 26 20 26 6 32 19 12 28 24 26 20 26 32 26 20 26 32 19 12 33 24 7 27
2 6 39 19 28 18 32 19 12 28 24 26 20 26 33 19 28 18 32 26 20 26 31 38 19 15 32 24 19 11 33 19 28 24 19 9 33 19 28 26 20 26 16 22 34 24 26 20 26 38 19 12 28 24 18 32 26 20 26 31 36 19 12 28 24 26 20 26 12 31 39 37 37 35 33 39 30 36 32 35 24 19 12 28 24 26 20 26 32 19 12 33 24 18 32 26 20 26 36 19 12 35 24 18 32 26 20 26 12 31 39 37 37 35 33 39 30 36 32 35 24 7 27 3 27 4 26 33 19 28 18 33 19 12 28 24 26 20 26 38 19 28 19 12 28 24 18 32 26 20 26 32 19 28 19 12 33 24 18 32 26 20 26 36 19 28 19 12 35 24 18 32 26 20 26 28 19 12 31 39 37 37 35 33 39 30 36 32 35 24 26 20 26 23 28 19 12 28 24 26 21 26 28 24 19 12 31 39 37 37 35 33 39 30 36 32 35 24 26 20 26 31 38 19 15 32 24 19 23 11 33 19 28 24 19 8 33 19 28 26 20 26 16 22 34 24 22 36 26 20 26 11 33 19 28 24 19 9 33 19 28 26 20 26 16 22 34 24 22 36 24 27
2 6 23 32 34 19 28 26 20 26 36 24 19 9 32 19 28 18 32 26 20 26 28 26 20 26 32 24 7 27 3 27 4 26 36 19 8 32 19 28 18 32 26 20 26 28 26 20 26 32 24 27
2 6 31 32 19 28 19 12 28 24 19 9 33 19 28 24 26 20 26 34 19 12 28 24 19 8 33 19 28 24 26 20 26 34 19 8 33 19 28 24 7 27 3 27 4 26 21 34 19 9 33 19 28 24 22 33 26 20 26 6 31 32 19 28 19 12 28 24 19 9 33 19 28 24 26 20 26 34 19 12 28 24 19 8 33 19 28 24 7 27
2 6 32 19 23 32 31 19 28 18 34 26 20 26 35 36 19 28 18 33 26 20 26 35 39 19 28 18 32 26 20 26 32 30 19 28 26 20 26 32 24 22 23 39 19 28 18 34 26 20 26 32 34 19 28 18 33 26 20 26 32 38 19 28 18 32 26 20 26 31 36 19 28 26 20 26 34 24 7 27 3 27 4 26 6 21 38 19 23 32 30 19 28 26 20 26 37 24 22 23 39 19 23 33 19 28 18 32 26 20 26 34 19 28 26 20 26 32 24 18 32 24 26 20 26 31 34 22 33 26 21 26 33 38 22 23 39 19 23 33 19 28 18 32 26 20 26 34 19 28 26 20 26 32 24 24 7 27
2 6 23 35 30 19 28 26 21 26 35 24 19 9 28 19 23 35 19 28 26 21 26 31 24 24 26 20 26 34 19 11 34 19 28 24 19 8 33 19 28 24 26 20 26 33 19 11 34 19 28 24 19 9 33 19 28 24 7 27 3 27 4 26 35 19 8 28 19 23 35 19 28 26 21 26 31 24 24 26 20 26 6 34 19 11 34 19 28 24 19 8 33 19 28 24 26 20 26 33 19 11 34 19 28 24 19 9 33 19 28 24 7 27
2 6 23 32 34 19 28 26 20 26 31 38 24 19 9 32 19 28 18 32 26 20 26 33 19 28 26 20 26 31 24 7 27 3 27 4 26 36 19 8 32 19 28 18 32 26 20 26 33 19 28 26 20 26 31 24 27
2 6 34 19 23 34 19 28 18 34 26 20 26 31 36 19 28 18 33 26 20 26 33 34 19 28 18 32 26 20 26 31 39 19 28 26 20 26 39 24 22 23 34 19 28 18 34 26 20 26 31 36 19 28 18 33 26 20 26 33 36 19 28 18 32 26 20 26 34 30 19 28 26 20 26 32 35 24 7 27 3 27 4 26 6 21 34 19 23 31 37 19 28 26 20 26 31 31 24 22 23 32 19 28 18 32 26 20 26 34 19 28 26 20 26 35 24 18 32 26 20 26 34 26 21 26 34 22 23 32 19 28 18 32 26 20 26 34 19 28 26 20 26 35 24 7 27
2 6 31 35 19 28 18 33 22 23 32 19 15 35 19 28 26 20 26 34 24 24 26 20 26 39 19 28 18 32 19 15 35 19 28 26 20 26 34 24 26 20 26 33 19 11 28 24 19 8 32 19 28 24 26 20 26 36 19 11 28 24 19 9 32 19 28 24 26 20 26 32 26 20 26 32 35 22 23 32 19 15 35 19 28 26 20 26 34 24 24 26 20 26 34 22 15 31 26 21 26 34 19 28 18 32 24 7 27 3 27 4 26 33 19 28 18 33 19 15 35 19 28 26 20 26 34 24 26 20 26 32 19 28 26 20 26 35 19 15 35 19 28 26 20 26 34 24 26 20 26 33 19 11 28 24 19 8 32 19 28 24 26 20 26 32 19 14 32 19 28 24 27
2 6 23 34 30 19 28 26 20 26 32 30 24 19 9 34 19 28 18 32 26 20 26 34 19 28 26 20 26 35 24 7 27 3 27 4 26 35 19 8 34 19 28 18 32 26 20 26 34 19 28 26 20 26 35 24 27
2 6 23 32 32 19 28 18 34 26 21 26 32 32 19 28 18 33 26 20 26 31 31 38 19 28 18 32 26 21 26 37 30 19 28 26 20 26 31 33 35 24 22 23 34 19 28 18 34 26 21 26 34 19 28 18 33 26 20 26 32 31 19 28 18 32 26 21 26 31 30 19 28 26 20 26 32 35 24 7 27 3 27 4 26 6 21 35 19 23 31 31 19 28 26 20 26 37 24 22 23 34 19 23 32 19 28 18 32 26 21 26 28 26 20 26 35 24 18 32 24 26 20 26 31 31 22 32 26 20 26 35 22 23 34 19 23 32 19 28 18 32 26 21 26 28 26 20 26 35 24 24 7 27
2 6 32 19 28 19 23 37 30 19 28 18 33 26 20 26 32 35 19 28 26 20 26 33 19 15 34 19 28 18 33 26 20 26 32 19 28 26 20 26 35 24 19 11 28 18 32 26 20 26 32 24 26 20 26 35 30 24 22 15 34 19 28 18 33 26 20 26 32 19 28 26 20 26 35 24 7 27 3 27 4 26 33 19 11 32 24 19 11 28 18 32 24 26 20 26 6 31 34 30 19 28 18 34 22 15 34 19 28 18 33 26 20 26 32 19 28 26 20 26 35 24 26 20 26 35 30 19 28 18 32 22 15 34 19 28 18 33 26 20 26 32 19 28 26 20 26 35 24 26 20 26 31 30 30 19 28 22 15 34 19 28 18 33 26 20 26 32 19 28 26 20 26 35 24 7 27
2 6 23 31 36 19 28 26 20 26 32 24 19 11 34 19 28 18 32 26 20 26 28 26 20 26 33 24 7 27 3 27 4 26 32 19 11 33 24 19 11 28 24 19 11 34 19 28 18 32 24 27
2 6 21 34 19 12 28 24 19 8 32 19 28 24 26 20 26 32 19 9 32 19 28 24 22 28 7 27 3 27 4 26 32 19 12 28 24 19 9 32 19 28 24 27
